1558326903836673
51203863296
4433966661
6874261796
6018112154
53361601840
50956978431
6921625317
54239047827
3435296611
17007915112
52351761576
6201685542
6201685542
54259753453
6696284555
54191705566
6018112154
53361601840
6088543332
6714456825
6504229206
6504229206
6848261853
55672737136
52222535360
52110369636
53158110218
51260462122
54002024578
6986706813
54396770041
6026875257
3509453620
52550162381
4121933900
55274888669
5116097494
4259259238
6696444710
4557174947
54396837687
6111565462
6144201596
52402646285
55084280182
6605260291
6018061276
6676459520
6874628682
6927029050
6504229206
52900155501
50630483701
55665654438
5500049658
53612927375
7011913520
51681174908
53465018743
5429649286
6904865463
5836862681
6372400497
54566551191
54566551191
54566551191
6925964343
52355336018
5901855383
4013024644
6618014253
52732476286
6796974110
5567488467
7021789881
51843676760
6902065220
5547176384
55188674821
3906554906
4732278386
5845261135
5533107032
54237892853
50679255008
4280849987
51152566981
55452394341
4280849987
14782382289
5886111297
5999498495
54703915022
6696444710
53573795163
52550319280
50087377704
51447617581
54576332089
5839829632
51821207956
53969433659
7123459627
6585753463
52732476286
52485646287
52235195724
5792506492
51708248538
1477156247
52325372025
54396786445
4110886111
6394053503
51892997150
6428993362
54420657511
54084443318
6960319960
6781166197
52956138086
50043303923
53624155233
53015576629
52907561022
6911515401
52547684841
5541100607
51407045973
6960319960
55042336726
3524855686
5772409627
3430169982
50834348110
1559299261656065
6408580762
54538131465
6653968572
3451111131
55442521026
5390301566
4707203489
50496145061
50495327186
6008927221
6063020307
50267397916
5500049658
5958474208
54237892853
6843407155
4876787421
54266570710
5962068031
55184135479
52692327215
3979109163
55216420543
53266046735
6147801028
53103470683
5446899211
5824341112
6740244755
4339021152
6102160207
3317542321
50548908263
52986222598
53232470502
6556010786
3672764013
53544763700
52691795337
52234964965
50813304492
52837229018
4047194355
6869446269
6906355501
6881059074
55182601573
6611126794
6813897835
54578309851
6520641768
6624721395
5999498495
53361012712
6822711252
5531012017
6504229206
6504229206
6874261796
50956978431
6921625317
54239047827
3435296611
17007915112
52351761576
6201685542
54259753453
6696284555
54191705566
6018112154
53361601840
6088543332
6714456825
6848261853
55672737136
52222535360
52110369636
53158110218
51260462122
54002024578
6986706813
54396770041
6026875257
3509453620
52550162381
4121933900
55274888669
5116097494
4259259238
4557174947
54396837687
6111565462
6144201596
52402646285
55084280182
6605260291
6018061276
6676459520
6874628682
6927029050
52900155501
50630483701
55665654438
53612927375
7011913520
51681174908
53465018743
5429649286
6904865463
5836862681
6372400497
54566551191
6925964343
52355336018
5901855383
4013024644
6618014253
6796974110
5567488467
7021789881
51843676760
6902065220
55188674821
3906554906
4732278386
5845261135
5533107032
50679255008
51152566981
55452394341
4280849987
14782382289
5886111297
54703915022
6696444710
53573795163
52550319280
50087377704
51447617581
54576332089
5839829632
51821207956
53969433659
7123459627
6585753463
52732476286
52485646287
52235195724
5792506492
51708248538
1477156247
52325372025
54396786445
4110886111
6394053503
51892997150
6428993362
54420657511
54084443318
6781166197
52956138086
50043303923
53624155233
53015576629
52907561022
6911515401
52547684841
5541100607
51407045973
6960319960
55042336726
3524855686
5772409627
3430169982
50834348110
1559299261656065
6408580762
54538131465
6653968572
3451111131
55442521026
5390301566
4707203489
50496145061
50495327186
6008927221
6063020307
50267397916
54237892853
6843407155
4876787421
54266570710
5962068031
55184135479
52692327215
3979109163
55216420543
53266046735
6147801028
53103470683
5446899211
5824341112
6740244755
4339021152
6102160207
3317542321
50548908263
52986222598
53232470502
6556010786
3672764013
53544763700
52691795337
52234964965
50813304492
52837229018
4047194355
6869446269
6906355501
6881059074
55182601573
6611126794
6813897835
54578309851
6520641768
6624721395
5999498495
53361012712
6822711252
5531012017
6504229206
6201687211
6201687221
6201687229
6201687320
6201687384
6201687421
6201687427
6201687453
6201687467
6201687494
6201687497
6201687522
6201687594
6201687599
6201687607
6201687628
6201687638
6201687661
6201687670
6201687673
6201687717
6201687797
6201687833
6201687863
6201687868
6201687880
6201687903
6201687925
6201687949
6201688037
6201688044
6201688060
6201688091
6201688095
6201688099
6201688144
6201688160
6201688167
6201688171
6201688173
6201688206
6201688224
6201688244
6201688253
6201688307
6201688310
6201688312
6201688347
6201688368
6201688388
6201688406
6201688421
6201688434
6201688440
6201688462
6201688478
1555854443591682
6529915607
50117619180
4218744298
1554108750604289
1556591273873409
3812196061
1556960844630017
1558574382852097
1555387151541250
50279282542
1555856894855169
1553047387335682
6637435975
1555879031067650
6020090147
6347684006
5875459572
1559198537665538
3194668041
6026157741
1556555114489858
1555302336290817
5385635026
1554134780861442
52654529310
5870547692
1554036086559746
5500049658
6305217697
1556140519084033
1559221496179713
1558574926801921
50429551664
3743976208
5890890325
6271986660
6762221227
1555517851880450
1553899981496322
1553403737561090
6257832156
52378337375
1556135388909570
52326661905
1558833663159298
3678887563
6804035100
3600664863
6913272390
1556217503837185
6026177537
1558297691332610
6587124432
6204531306
1556666355846146
5500752797
6604454590
6360778622
6808749827
5557359561
52452505869
6610355822
52357121003
52309207668
6627362576
1553049019888641
1558772204332033
4047303231
1554583881122818
4201974648
6210699291
1553478895627265
51967436349
51002087742
1556304941924354
1555201670800385
3936133973
1556106708336641
1556566099366913
1555487449023490
1556052254087169
1556201111132162
50547338350
1556761049724930
1558645194447874
1556750249457665
1556957374990338
1559114264996865
6342353585
6105038138
4135446884
1558564867771394
4725256116
1556311550766081
6146187795
4380708901
1558663770796034
1554290444695553
50445462418
3459744296
3694763350
1554139682016258
1555604124099585
51003273789
52509680343
1559094846947330
52409188031
5889956496
3121940512
51506908371
3690139196
3231937744
50995888001
4492791542
1555324224728066
51751376459
52293891175
5837035377
1555027611686914
3844691167
1553671490149377
6512901171
3258435840
5442356596
6239674428
50872239927
3256042807
50216453232
4471462407
1558737521760258
6161420137
50993386781
52177587849
1558834681115650
4495959744
6230705913
50306828833
50495100585
1559396675704833
6836555449
6981530776
1556682690955265
6394034386
6988545550
1553123378030593
1556016066847745
51285778469
52411902693
1559064450891777
6387810026
1556040778852354
5948324689
6723347946
1558020086390786
1555557207600130
6558683146
52308251510
6198720541
5791132612
1559109324188673
5739552842
1558557225546753
52609301955
50948991384
1558321244083201
50719466378
1556607481239554
50782111873
5876649362
1553769232374785
6089086972
51255199941
6161264132
1558365900419073
6875174081
1557060697758721
4055993035
50857076437
1556514267324417
51900412499
1558681166658562
51144725896
1554876946812929
52513615701
6655747915
6717251617
50085730065
6605677225
1559006368669698
1554771235328002
3737251370
4085395345
3083567380
6762538650
50284774042
6140435132
51798968860
51074152447
1556298027345921
50235881988
5500251365
5806115967
6862577843
1554975924109314
51137849452
6807831205
1558471171479554
5752071647
6681241180
51102847295
50294721478
1558386915914754
50517819259
6480044156
4218139856
1556825636370433
50035106961
3502978696
5479781876
1554870549937154
5447495462
3678219091
50650439265
5547176384
6922635677
5958474208
6649755956
6619249201
1556245406717954
50050514374
51459338675
6115611276
1556510415327233
1555057059597313
1559118365380609
6990516553
1558667724057601
5872040337
51990406209
5554059559
6369331977
6566725848
1558236113479681
6244981366
1553791369107457
1556682628641793
6837255397
52176811902
1558742763633666
6444032958
51117787988
1556867297769474
1553047770708993
4408736116
6953031262
1558681041363970
1558678067238914
1558544309168129
51910466724
52511299024
1558826257385473
6521089596
6680819600
5861246251
51035949820
1556954791971842
52643933895
5971536032
52263586055
6919233760
51170491793
1554873737628673
51491564533
6357879847
5772405622
51641234371
1556926620431361
1558507023588353
1558750375552001
6762786690
1558834328960001
6324543478
1556864242807810
6102632918
1556507791428610
6801314270
6382698929
51181797522
1555023758026753
52193219444
1558843011009537
50238664063
1558653649821698
3750948227
1553764850485249
6954472573
6104332411
50067655969
6646995106
5954781019
50388464509
1557375653427202
6859105646
5824265178
6068999798
1557280744274945
1559201636303874
51888084271
1556951921901570
1555853054369793
1558744273283073
1554937194075137
6781328035
1554958909324290
1559467692094465
1556671887336449
1556675780505602
1555786717924354
1556678201745410
1555021322339330
6577527920
51836707730
4433966661
1556321085659138
1555404295321601
1559154650762241
1556222691418113
1553942632466433
1556221827656705
1556699362682881
5540918998
1557462030593026
5232804991
1559208277439489
6611965703
6074073256
1555118980101122
1554431654889473
50086121121
1559367931697153
1554572336198658
1557236048147457
1558544871489537
6559169451
4533959295
51877504101
6997210852
6030686502
4693726685
6344218652
4729178328
5746642537
56943796381
6222657385
5944587794
6075090519
52167365571
5796192837
52165888464
4451603384
52798749780
5397815387
59690312586
51564742011
6715383127
55655495066
58752942983
56723327492
5955991737
51518749471
5557146789
50416660342
3291240371
6431454233
5888964582
6118557733
50084881575
3667871746
52498601909
6887629991
5859652218
51227556757
52393416487
6510110547
5752464519
5508436109
5900655057
5821773608
51852610384
4010733372
6501683822
5861288399
51088765219
50094086468
6717245585
50127224920
50312498462
5849543187
51113022160
51074177007
4165886965
3552565560
50022927272
59597989951
58834274388
6805468145
3642194086
58914138502
51561482818
6839318948
55541997092
51152351785
3311755347
59283583491
50664452207
5540589127
6899743966
6347900807
6754767077
6422627456
6969536200
59039332056
6113290541
55166088700
56920985656
6783282171
5881796871
5457285582
6990315173
6615983488
6245262111
4243658205
5921242942
6487799201
5863187477
50103268034
4430228485
3311736841
57231907008
5879513481
4460665768
6019828018
55593903037
50536731429
4513548760
5260524691
15269082864
6804979750
53496761246
55729576965
58328542867
55495510152
4085395345
6211509296
6380373237
5577670822
2928392215
5933181471
6200424147
3298351547
50094873564
50649912943
5618403293
54447038376
52189080470
6421384617
19580238996
5574372226
50097922123
5407385426
3360561948
6522410176
3552279768
3304938142
3374770434
50239358424
6893669084
6873578016
51477685977
56739254207
6216080751
5860083118
6921062156
50315179171
55828275781
6741086190
6616170436
5816700296
51952136824
6367787418
4287981813
6580691736
5874765987
4729552832
6976316855
3760964283
58407987715
4725463253
6363200373
5839829632
59369858525
5825968694
52007791162
5783079648
58093478905
6996113798
53454425122
51587962401
2923685358
51994143946
3395706947
4332640381
6889298018
3332638851
50094278382
5819614406
54518049915
57526851562
52294688997
6236497206
6030397099
51398242546
5454757922
5860103667
52370378876
6815891827
4981969256
6905031035
50401947549
5497514802
50413448957
59385809057
56757515605
50372566161
6860649412
6210131096
4519862801
5724272598
52904757876
54648342576
52271139777
52694625342
50372152521
5954781019
4363295942
4847991691
55173446371
6100430237
5836885863
58078240164
4369308268
52391917869
6287420112
50416940906
54395471786
53392308267
50085479671
53560986204
58357863306
5741726632
52452666174
50958044298
5761323270
5869077988
6947555893
6093586821
51617429834
5720147520
50619177967
6853824925
3464668781
5878574518
51784905847
6228805457
5484241353
58113032986
52857496566
4422908086
3581032986
51665366670
24533044632
5495683758
6976524048
56087077859
4705337946
52985664809
54421610464
5966218637
6458188171
5826078489
50074012428
7014520767
4615386459
5461442742
56902684679
3592259386
50098960397
50028496163
50914168084
5958087776
55193786450
53947995276
55274666232
55959835667
3721866747
52617868686
52415280285
2915520119
4373458706
50654932668
58525619463
6234444931
6604390690
6993086576
56731046890
50098005928
6337500632
50232171893
51877052741
55143485715
6437521517
5334850389
6855346091
50729795132
51501474357
5753008301
50679221265
3432725786
59431723359
51632546226
4539813276
50950053306
5382170622
6631275371
50262581437
3815008129
7009595866
4186967094
4138006024
52572622692
52546225802
5737323987
52443828177
52047959061
55760141780
50973319454
56964269873
51461556455
6096569361
57569221864
6252122021
2810194593
56283238655
50226269778
5722675819
5856630188
6005846857
6815036242
3618981371
58855812534
54525745786
55215780858
5755800972
50262075896
6529363593
5491659543
6098090319
55709512112
6049481793
6301946258
6969290165
3448092496
5811325556
59021287327
6747717129
6182007726
5832296171
5754330701
51266470963
6042658352
6318315427
3242756043
5213811060
51383641157
4689240537
6181628901
6100452707
2644507525
6281938591
5334957426
51760463228
6558380417
55768149762
52289861986
50584168296
51018504068
56867529483